离散数学: 461,443,425,407,389,371,353,335,317,299,281,263,245,227,209,191,173,145,127,109,91,73,39,21
数值分析: 462,444,426,408,390,372,354,336,318,300,282,264,246
测度积分: 463,445,427,409,391,373,355,337,319,301,283
微分几何: 464,446,428,410,392,374,356,338,320
概率论: 465,447,429,411,393,375,357,339
抽象代数: 466,448,430,412,394,376,358,340
随机过程: 467,449,431,413,395,377,359
复分析: 468,450,432,414,396,378,360
常微分方程: 469,451,433,415,397
统计推断: 470,452,434,416
泛函分析: 471,453,435,417
线性回归: 472,454,436
偏微分方程: 473,455,437
非基础及进阶课程: 478,460
高等代数: 474
运筹学: 475
数学分析: 476
拓扑学: 477
